import numpy as np

sample_files = ['berlin52.tsp', 'ch150.tsp']

left_files = ['u2319.tsp', 'bier127.tsp', 'd198.tsp', 'bays29.tsp', 'rd100.opt.tour', 'rl1889.tsp', 'u2152.tsp', 'pr144.tsp', 'rat575.tsp', 'lin105.opt.tour', 'pr264.tsp', 'ali535.tsp', 'gr17.tsp', 'kroE100.tsp', 'bays29.opt.tour', 'rat99.tsp', 'pr299.tsp', 'kroA150.tsp', 'kroB100.tsp', 'gr202.tsp', 'rl5915.tsp', 'rd400.tsp', 'rl1323.tsp', 'gr229.tsp', 'ch130.tsp', 'pcb442.opt.tour', 'st70.tsp', 'ulysses16.tsp', 'd493.tsp', 'd18512.tsp', 'u574.tsp', 'kroC100.tsp', 'eil51.tsp', 'linhp318.tsp', 'kroB150.tsp', 'gr96.tsp', 'fri26.tsp', 'gr24.tsp', 'd657.tsp', 'si535.tsp', 'vm1084.tsp', 'fl1400.tsp', 'gr120.tsp', 'pla85900.tsp', 'gil262.tsp', 'gr666.opt.tour', 'berlin52.opt.tour', 'ch130.opt.tour', 'eil101.opt.tour', 'fnl4461.tsp', 'kroB200.tsp', 'pr124.tsp', 'swiss42.tsp', 'usa13509.tsp', 'rl11849.tsp', 'lin318.tsp', 'gr666.tsp', 'kroA200.tsp', 'pr2392.tsp', 'pr1002.opt.tour', 'ts225.tsp', 'rl1304.tsp', 'd1655.tsp', 'tsp225.tsp', 'bayg29.tsp', 'u1817.tsp', 'eil51.opt.tour', 'u159.tsp', 'pr226.tsp', 'fl1577.tsp', 'ulysses16.opt.tour', 'ulysses22.opt.tour', 'fl417.tsp', 'kroA100.opt.tour', 'rat195.tsp', 'xray.problems', 'brg180.tsp', 'pr152.tsp', 'gr21.tsp', 'kroD100.tsp', 'brazil58.tsp', 'pcb1173.tsp', 'fl3795.tsp', 'gr48.opt.tour', 'eil76.tsp', 'gr48.tsp', 'kroC100.opt.tour', 'st70.opt.tour', 'dsj1000.tsp', 'gr431.tsp', 'bayg29.opt.tour', 'u1060.tsp', 'si175.tsp', 'si1032.tsp', 'eil76.opt.tour', 'd2103.tsp', 'pa561.opt.tour', 'pr107.tsp', 'hk48.tsp', 'pr439.tsp', 'u1432.tsp', 'a280.opt.tour', 'pcb3038.tsp', 'lin105.tsp', 'brd14051.tsp', 'gr24.opt.tour', 'pr136.tsp', 'gr202.opt.tour', 'gr96.opt.tour', 'rd100.tsp', 'u724.tsp', 'dantzig42.tsp', 'eil101.tsp', 'vm1748.tsp', 'pcb442.tsp', 'p654.tsp', 'rat783.tsp', 'pla33810.tsp', 'burma14.tsp', 'pr76.opt.tour', 'tsp225.opt.tour', 'ch150.opt.tour', 'att532.tsp', 'ulysses22.tsp', 'att48.opt.tour', 'rl5934.tsp', 'att48.tsp', 'pa561.tsp', 'pr1002.tsp', 'brg180.opt.tour', 'pr2392.opt.tour', 'kroD100.opt.tour', 'pla7397.tsp', 'd1291.tsp', 'gr137.tsp', 'a280.tsp', 'd15112.tsp', 'kroA100.tsp', 'nrw1379.tsp', 'pr76.tsp', 'fri26.opt.tour', 'gr120.opt.tour']

tsp_test_data_NS = {
    "berlin52": np.array([[0.0, 0.38816374445553475, 0.16381456260312352, 0.23052998671591798, 0.16969466172178774, 0.1901266898931889, 0.37341602170890303, 0.24875638320409343, 0.3497495620297591, 0.3271883276398119, 0.606610275003704, 0.38170179955663686, 0.5681655143089277, 0.6531105270597237, 0.17426081013082143, 0.15153881727695293, 0.2503043744061417, 0.09414353637796655, 0.17773382755304917, 0.1224087923990658, 0.167199942596558, 0.026862703683445316, 0.10557780331442011, 0.16001324302329453, 0.2389386485559038, 0.42479659733692576, 0.46532128911048726, 0.4119932517236692, 0.23674347532636994, 0.20982465362553018, 0.08529639367255464, 0.052768795428464264, 0.48210442560502215, 0.0787230095599343, 0.07089263387581461, 0.07284173260370867, 0.12118903023009063, 0.1400987219706902, 0.09685485552825747, 0.12174815213847313, 0.23040106009639746, 0.32970842901335484, 0.2702811113339627, 0.08999418452597502, 0.13997747684025816, 0.16308741764484, 0.461106003479715, 0.15576553492422507, 0.037313173082512766, 0.12650157593591452, 0.46000001107322, 0.7112039379834307], [0.38816374445553475, 0.0, 0.378384581539782, 0.6101755028710927, 0.5507682812758667, 0.5699631686645085, 0.02622302373733512, 0.5571816445799673, 0.6613772604482774, 0.660227434843762, 0.9549770611575487, 0.7334232904596313, 0.8391822844426942, 0.8832648049109085, 0.5581559254052768, 0.4219190343649247, 0.28832079117896503, 0.34700810603914234, 0.49147823569607835, 0.3289350696317106, 0.2286998411950949, 0.37086100395509664, 0.29709427335190397, 0.5371592557594697, 0.5995436590031433, 0.6943341810726412, 0.7584332128974065, 0.7247602316583709, 0.3700474725880353, 0.2275275386132053, 0.3153904026645259, 0.42539571840565865, 0.8675202650978558, 0.4557448233406122, 0.4527733350352404, 0.45744608075129045, 0.4998110736257151, 0.5226768661730405, 0.48248287466701617, 0.5068277294822028, 0.5222300122050666, 0.059783495805006144, 0.6548240834935053, 0.4340682790258953, 0.4797566867521924, 0.5006172278859506, 0.6708846160916656, 0.5304638850164383, 0.42423665430446933, 0.3474604092598009, 0.8283895416028101, 1.0], [0.16381456260312352, 0.378384581539782, 0.0, 0.35168604059620867, 0.29657947734324797, 0.31614318962532184, 0.3558018534991327, 0.1795160817801632, 0.28300114627095624, 0.2839445109981053, 0.7381423361916267, 0.5194264224851388, 0.727110830518084, 0.8156713007996473, 0.29420847035205266, 0.31316184911095457, 0.1266357239862658, 0.07845294698163878, 0.12062731675324143, 0.2569651502340281, 0.16813664428198846, 0.14015930520464429, 0.21047101527554735, 0.294684197909821, 0.3802533797863778, 0.5861981142768203, 0.6221485683521358, 0.5654395502630281, 0.3795047278077436, 0.29381866579391847, 0.12174815213847313, 0.14288867169064465, 0.5264396541209172, 0.22936703825956187, 0.2177468331017338, 0.21426863360223208, 0.2607530550747506, 0.2692741226702448, 0.22856988227009276, 0.24875638320409343, 0.14392464662456048, 0.3205565948844059, 0.3243478033566727, 0.25301992871292517, 0.12810208123734326, 0.32206261808641173, 0.6248716897317295, 0.29416518424254906, 0.1681113966439931, 0.26995110723764276, 0.5800031820783748, 0.864540232329636], [0.23052998671591798, 0.6101755028710927, 0.35168604059620867, 0.0, 0.06083920120182572, 0.04058271737949105, 0.5980976069278613, 0.30593527693557643, 0.3560522964376314, 0.3111220394258527, 0.3864650370260957, 0.17153570738800494, 0.41436639193093583, 0.5227174703188523, 0.05834618234630661, 0.22389799763797336, 0.46633274937301217, 0.310220274119507, 0.27661450146369404, 0.2917309117315331, 0.39712575106192105, 0.2544252340202606, 0.31333800732304, 0.07301634347974434, 0.0636354981456704, 0.3008284187980934, 0.30698793673938884, 0.24325212770525995, 0.33791027736285767, 0.4018117941318308, 0.3151749904289184, 0.21592629003004296, 0.3014767870367504, 0.1553289102813993, 0.16033125574447157, 0.15768847185517226, 0.11094922162957094, 0.09046462256945864, 0.13431351841722658, 0.10971812420088894, 0.3173225324525483, 0.5537888233825682, 0.14288867169064465, 0.17890024435014026, 0.23955961509029328, 0.1344398717080257, 0.38435042192159197, 0.08000662151164727, 0.20119092252099333, 0.27832786947621474, 0.23135708519919687, 0.5294947663388626], [0.16969466172178774, 0.5507682812758667, 0.29657947734324797, 0.06083920120182572, 0.0, 0.020602753230983855, 0.5382092208428995, 0.27421018450275314, 0.34010147396017304, 0.2992155378849373, 0.4433471229737117, 0.222852849570131, 0.4481465873252761, 0.5502825302735808, 0.014568346520741736, 0.18020049448685316, 0.4079553243045217, 0.2508464527333324, 0.23354836143621474, 0.23694061970578373, 0.3363363969981562, 0.19373162268048147, 0.2545586680055815, 0.01842766269925333, 0.08745862679779862, 0.3218252934901528, 0.3404008810820218, 0.27889157978197276, 0.297051407759758, 0.34634692771976494, 0.2544252340202606, 0.1574460191198686, 0.3437882848900197, 0.09513029883089882, 0.0995776057890408, 0.09685485552825747, 0.05096839664992918, 0.029713713276017465, 0.07376821476579988, 0.049618000322882126, 0.2794237725780902, 0.4939593335299411, 0.1554108708412922, 0.12368517616397381, 0.19300722565632752, 0.09944964136806027, 0.39252435530057256, 0.027641494048879993, 0.14094451754009793, 0.22533422504394018, 0.2913232220969027, 0.5736673762488513], [0.1901266898931889, 0.5699631686645085, 0.31614318962532184, 0.04058271737949105, 0.020602753230983855, 0.0, 0.5576994431915677, 0.2864449617058999, 0.34731378086281156, 0.30492074781856104, 0.4231245771839576, 0.2035401872162085, 0.43366715650961063, 0.537735806201786, 0.023490752923349654, 0.19161668147704297, 0.4283192980349633, 0.27136258491561355, 0.24936992413297054, 0.25362315588919604, 0.35657646364605183, 0.21428844302617328, 0.2733419379302296, 0.03322094137455651, 0.07237404409177854, 0.3107944274998626, 0.32582327651393106, 0.26352201975925854, 0.3076923076923077, 0.3634503195002709, 0.2749522136446675, 0.17775770848396688, 0.331134382389992, 0.1147852586320611, 0.11977980754514664, 0.11730911706849882, 0.07041200030775156, 0.05029773063024833, 0.09436870660244949, 0.0701704489944525, 0.293703068792968, 0.5134096972242622, 0.15153881727695293, 0.140340897988905, 0.20982465362553018, 0.10605916357611733, 0.3857174366867978, 0.04120550646196771, 0.16154450511868307, 0.2411314411408222, 0.27072049104327545, 0.5564498144942625], [0.37341602170890303, 0.02622302373733512, 0.3558018534991327, 0.5980976069278613, 0.5382092208428995, 0.5576994431915677, 0.0, 0.5350055425233244, 0.6386321795518358, 0.6385191773073784, 0.9483534816451158, 0.7256206621294242, 0.8393188441709356, 0.886761263452382, 0.5450664643990816, 0.41599198586424446, 0.2629576458091897, 0.32764208086298174, 0.47026658673888466, 0.32153499221098225, 0.2107934528683058, 0.35496576755575, 0.2862225952898992, 0.5251479738328246, 0.5899730683441311, 0.6935083825851955, 0.7562641826735479, 0.7206900800659307, 0.37118134298664907, 0.22465505135396216, 0.2980784806165273, 0.40863108313161073, 0.8505768758862813, 0.4430789617238413, 0.4395007211865447, 0.44379688651828375, 0.48734984252331115, 0.509725605645352, 0.4687477272929434, 0.49330581139034274, 0.499726139631249, 0.044379688651828376, 0.637980479964209, 0.4236459137008495, 0.46000001107322, 0.49207380494301006, 0.6741225894524012, 0.518739523263207, 0.4089218351080113, 0.3406875659957922, 0.8187877333207616, 0.9994267965739755], [0.24875638320409343, 0.5571816445799673, 0.1795160817801632, 0.30593527693557643, 0.27421018450275314, 0.2864449617058999, 0.5350055425233244, 0.0, 0.10689632839138245, 0.10509423831462475, 0.6671730126828488, 0.473208959028882, 0.7192928384159922, 0.8241204305515868, 0.26371524135659336, 0.38517782515657756, 0.2952022990680395, 0.22214698335879282, 0.07336431849363574, 0.3705976611796972, 0.3382116242812744, 0.24185210383211717, 0.3419063988402426, 0.28352562529542713, 0.3587009748300369, 0.5960216627935305, 0.6115235901041713, 0.5483971487286325, 0.48427427764128733, 0.44215831702698905, 0.26643749402465006, 0.19737824699584738, 0.37595367571447635, 0.2651439066774996, 0.25375701163456926, 0.2456484160939356, 0.26838990831670556, 0.2599051814652629, 0.24114904390327518, 0.245665695200354, 0.037313173082512766, 0.4987398482659411, 0.20921687600348024, 0.3086977282657505, 0.10921402695432725, 0.3487894609986193, 0.6619225675917486, 0.28851211711234165, 0.22344253421128096, 0.37517381696363633, 0.5012358128462403, 0.8335844422856553], [0.3497495620297591, 0.6613772604482774, 0.28300114627095624, 0.3560522964376314, 0.34010147396017304, 0.34731378086281156, 0.6386321795518358, 0.10689632839138245, 0.0, 0.048493121795367626, 0.6792412473946078, 0.5092257111750002, 0.7673191123136052, 0.8782477888153193, 0.3271883276398119, 0.4766499390523024, 0.3906164653376472, 0.3290382892371795, 0.1795160817801632, 0.47215829025229195, 0.44475231687391586, 0.34558623710219716, 0.44669505818036437, 0.35327564455206606, 0.4161756152658738, 0.6562227560721432, 0.6611397509543295, 0.5969894390002727, 0.5816912914227439, 0.5480564716394476, 0.3731317308251276, 0.2972085513726133, 0.3322732940295409, 0.35370793306198184, 0.34347947261411843, 0.33488189415389225, 0.3473626638723235, 0.33329371345759984, 0.32507984833864934, 0.3234172927604665, 0.13943056904393009, 0.6034743020048492, 0.22722884791848208, 0.3995128322980585, 0.21028942686638874, 0.42766472396895666, 0.7325314633456275, 0.360035691730686, 0.3208345513952289, 0.4750085284884886, 0.5146896005070131, 0.8663941554097931], [0.3271883276398119, 0.660227434843762, 0.2839445109981053, 0.3111220394258527, 0.2992155378849373, 0.30492074781856104, 0.6385191773073784, 0.10509423831462475, 0.048493121795367626, 0.0, 0.6308951936268051, 0.4615752477706595, 0.7205958367937013, 0.8323155319264546, 0.28579219628758457, 0.4450290079987149, 0.40003310755823634, 0.31930944310398196, 0.1695194736163796, 0.448865863439347, 0.43791393108464516, 0.3265000151555866, 0.42826974411589486, 0.3134057341167247, 0.37227755557850956, 0.6118566790981067, 0.6148118402735216, 0.5506449565360145, 0.5536278371418445, 0.5315350619929041, 0.36088355611553846, 0.27447321591527074, 0.29189091972287323, 0.3218252934901528, 0.3124290518223933, 0.30370722524072097, 0.31098557639923186, 0.29498653417206555, 0.2913232220969027, 0.28696314658015276, 0.14217392604124837, 0.6013533928292457, 0.17935048741501844, 0.3682767353111604, 0.19172741057121756, 0.3902250659754901, 0.6906379697866399, 0.32066251148894315, 0.2954466421283091, 0.4498482723294599, 0.4662326125238766, 0.8181809606592664], [0.606610275003704, 0.9549770611575487, 0.7381423361916267, 0.3864650370260957, 0.4433471229737117, 0.4231245771839576, 0.9483534816451158, 0.6671730126828488, 0.6792412473946078, 0.6308951936268051, 0.0, 0.22556016182367025, 0.2579872777895466, 0.3610364305290785, 0.44425574952541846, 0.5330979816275166, 0.8511954628200239, 0.6935083825851955, 0.6551675527452865, 0.6268250119822919, 0.7658129566704578, 0.6325951161298433, 0.6663708845543544, 0.44871453270439937, 0.36786156756875926, 0.3152827149438743, 0.24325212770525995, 0.24337424661379775, 0.607449390482649, 0.7289823587344012, 0.6915776847466553, 0.6007884366082041, 0.41148809884850834, 0.5278890165721005, 0.5363130549268554, 0.5361468213464327, 0.48661766678484414, 0.47223919391902763, 0.5157935378532152, 0.4927203463143538, 0.6876506474484355, 0.9045899181605405, 0.45991695442551056, 0.5319900580369852, 0.6223327540476947, 0.45841936152411744, 0.4109203508092453, 0.45165633631122193, 0.5827411449574043, 0.6077497915727664, 0.16610470687278256, 0.2322543537670528], [0.38170179955663686, 0.7334232904596313, 0.5194264224851388, 0.17153570738800494, 0.222852849570131, 0.2035401872162085, 0.7256206621294242, 0.473208959028882, 0.5092257111750002, 0.4615752477706595, 0.22556016182367025, 0.0, 0.2634736922190852, 0.3806661834009936, 0.2261615564236466, 0.31333800732304, 0.6283941059649061, 0.47019437135351744, 0.4480329118552834, 0.40449664084018616, 0.540287317237042, 0.4079241084098434, 0.4418125806706251, 0.22587985207131078, 0.142769795903269, 0.1952375859679023, 0.16505364407949807, 0.10633895081372191, 0.40102929719810937, 0.5096839664992917, 0.4664146635314096, 0.3791130530856749, 0.34043828845748025, 0.3030216076314281, 0.3118851289659099, 0.31225238082048073, 0.26281232518697795, 0.2505416779903996, 0.2931243999837772, 0.2711435043084906, 0.48734984252331115, 0.6815806797198766, 0.28226523841733026, 0.3065866903632688, 0.4110029810837201, 0.2339115783919632, 0.30151902349345056, 0.22793759922682835, 0.35933942263543994, 0.38611340541547584, 0.10967942974572649, 0.3604598732137813], [0.5681655143089277, 0.8391822844426942, 0.727110830518084, 0.41436639193093583, 0.4481465873252761, 0.43366715650961063, 0.8393188441709356, 0.7192928384159922, 0.7673191123136052, 0.7205958367937013, 0.2579872777895466, 0.2634736922190852, 0.0, 0.11977980754514664, 0.45691686013138294, 0.44245581796307226, 0.8155411910062179, 0.6623008109214991, 0.6814872566198138, 0.5360676443805802, 0.6962267520988658, 0.5946312942491737, 0.587507296156416, 0.44284897998159906, 0.3613419853246236, 0.1480247243158035, 0.1078451309753609, 0.17111451703250177, 0.46924551423222594, 0.6154742788668364, 0.6431359883823988, 0.5851544630885877, 0.5887703118190161, 0.4977601303185414, 0.5094923825963746, 0.5135006342360853, 0.47022145342271576, 0.46870244771947794, 0.502724066055012, 0.4873846805991669, 0.7272976164258643, 0.7991106582847518, 0.5424435353942682, 0.47884450836947673, 0.6400330762381494, 0.4055970003297089, 0.18905201323094095, 0.44046547061590036, 0.5590070281956943, 0.5154807211489161, 0.31448737920997405, 0.16238315841270665], [0.6531105270597237, 0.8832648049109085, 0.8156713007996473, 0.5227174703188523, 0.5502825302735808, 0.537735806201786, 0.886761263452382, 0.8241204305515868, 0.8782477888153193, 0.8323155319264546, 0.3610364305290785, 0.3806661834009936, 0.11977980754514664, 0.0, 0.5604100367612629, 0.5150688307745963, 0.8940408028935513, 0.7462919010268648, 0.7812329306752944, 0.602925413805682, 0.7652473840434391, 0.6787036008775733, 0.6568628190113208, 0.5427329909238504, 0.4656951474095656, 0.23076923076923075, 0.218194732082502, 0.2821449079254857, 0.5171332102155186, 0.6680949048079393, 0.7218847232589609, 0.6764797235802689, 0.7085490224746286, 0.5883952988435044, 0.6005623053106849, 0.6056088107843847, 0.5660697840213926, 0.5679263936883743, 0.5979769447420171, 0.5853285341789068, 0.829255058993594, 0.849323357220422, 0.6557374439711936, 0.563152809175466, 0.7386539590382446, 0.49460341016049286, 0.21267790162744382, 0.5391548030556653, 0.6489115060160785, 0.5828066980102338, 0.433931352051344, 0.18583637731911617], [0.17426081013082143, 0.5581559254052768, 0.29420847035205266, 0.05834618234630661, 0.014568346520741736, 0.023490752923349654, 0.5450664643990816, 0.26371524135659336, 0.3271883276398119, 0.28579219628758457, 0.44425574952541846, 0.2261615564236466, 0.45691686013138294, 0.5604100367612629, 0.0, 0.19370971105651494, 0.4080073454883835, 0.25194395869280495, 0.22587985207131078, 0.2475418871605214, 0.34140944160252157, 0.19731371969711564, 0.2628446256019204, 0.032575813140151066, 0.09557545942236151, 0.3327838948594105, 0.34908141651374375, 0.2869187674041913, 0.31067148395957095, 0.35643358539923947, 0.2581517580598669, 0.1575807611377852, 0.3314034671603393, 0.10264224665358297, 0.10557780331442011, 0.10177009360810425, 0.059783495805006144, 0.03556586640694291, 0.07741811792235094, 0.05252692037926173, 0.27039102319718294, 0.5009139050422754, 0.14094451754009793, 0.13469222269820147, 0.18640653383248487, 0.11396879961341418, 0.40534575293806074, 0.041717395734356955, 0.14348157329007638, 0.23663587280191462, 0.28964276414113754, 0.5798860747767766], [0.15153881727695293, 0.4219190343649247, 0.31316184911095457, 0.22389799763797336, 0.18020049448685316, 0.19161668147704297, 0.41599198586424446, 0.38517782515657756, 0.4766499390523024, 0.4450290079987149, 0.5330979816275166, 0.31333800732304, 0.44245581796307226, 0.5150688307745963, 0.19370971105651494, 0.0, 0.3791914203956088, 0.23765612977391998, 0.31984074038172894, 0.09619522341151135, 0.2537737386384195, 0.1731121743644715, 0.14515805728994147, 0.16183328239578387, 0.19026059766179765, 0.294684197909821, 0.34820481559082206, 0.3064343560225412, 0.11701928557669147, 0.19642972218923627, 0.2078735102482657, 0.19285321587636278, 0.5227499513646997, 0.12323822340545186, 0.13317094409935282, 0.14178526775162922, 0.14229329963578083, 0.16536196373316586, 0.15445195812019039, 0.16443527046344758, 0.3734046542292825, 0.3726764143274941, 0.3322094137455651, 0.07714348733735957, 0.27759486382874576, 0.09074571477220411, 0.3143793821672257, 0.1526551404121564, 0.16422862850878242, 0.07597919974227613, 0.4138025930043158, 0.5959433180783318], [0.2503043744061417, 0.28832079117896503, 0.1266357239862658, 0.46633274937301217, 0.4079553243045217, 0.4283192980349633, 0.2629576458091897, 0.2952022990680395, 0.3906164653376472, 0.40003310755823634, 0.8511954628200239, 0.6283941059649061, 0.8155411910062179, 0.8940408028935513, 0.4080073454883835, 0.3791914203956088, 0.0, 0.15830638628539276, 0.2453890834924208, 0.2984058283435127, 0.1474500920057051, 0.22344253421128096, 0.2435834508758772, 0.40276143074616155, 0.4861987856052878, 0.6698398358967328, 0.7144433584532232, 0.6621790273331002, 0.41224044769694435, 0.2869335612255115, 0.17259648335960534, 0.25057556015675786, 0.6528309991086749, 0.3271883276398119, 0.31730915545140614, 0.3163042680272264, 0.36561615930404545, 0.3789562698472565, 0.3355277126283453, 0.358487906219119, 0.2579379132559207, 0.23779897344107645, 0.4506025139997721, 0.33740743440962584, 0.2544085498513178, 0.41272411094050726, 0.6921114634409378, 0.4004573209410173, 0.269069117598525, 0.31678701180689395, 0.6972441693051745, 0.9611443845365314], [0.09414353637796655, 0.34700810603914234, 0.07845294698163878, 0.310220274119507, 0.2508464527333324, 0.27136258491561355, 0.32764208086298174, 0.22214698335879282, 0.3290382892371795, 0.31930944310398196, 0.6935083825851955, 0.47019437135351744, 0.6623008109214991, 0.7462919010268648, 0.25194395869280495, 0.23765612977391998, 0.15830638628539276, 0.0, 0.1504142093990467, 0.1785915292894899, 0.1196024872294999, 0.06777021933223726, 0.13367996055256726, 0.2448175847981316, 0.32790108650094985, 0.5186331361384058, 0.559371390111481, 0.5054859368586382, 0.301138682122486, 0.22437145555226568, 0.04670967228724296, 0.09486219975718722, 0.5263509525725185, 0.16914345953351365, 0.1590553899292011, 0.15801116347203664, 0.2073828561173786, 0.22151552935302726, 0.17773382755304917, 0.20123311417973982, 0.19258891257828878, 0.28727360884751474, 0.3153365634011318, 0.18376916754950665, 0.13288376549822603, 0.25714679191417095, 0.5512690043277222, 0.24227296047961205, 0.11087267852171598, 0.19152805210991627, 0.5415742405734284, 0.8048744471795996], [0.17773382755304917, 0.49147823569607835, 0.12062731675324143, 0.27661450146369404, 0.23354836143621474, 0.24936992413297054, 0.47026658673888466, 0.07336431849363574, 0.1795160817801632, 0.1695194736163796, 0.6551675527452865, 0.4480329118552834, 0.6814872566198138, 0.7812329306752944, 0.22587985207131078, 0.31984074038172894, 0.2453890834924208, 0.1504142093990467, 0.0, 0.298619122665624, 0.2684373507779635, 0.16909326114702944, 0.26862703683445316, 0.2389386485559038, 0.3209006960307931, 0.5509609209190074, 0.5738375348083826, 0.5124166087728189, 0.41432541424176017, 0.36884107382899944, 0.19370971105651494, 0.12810208123734326, 0.408256954899744, 0.20447648742248173, 0.19241250868271598, 0.1850581454446658, 0.21633871953774456, 0.21341508893882905, 0.18583637731911617, 0.19599705707755363, 0.05356715840055802, 0.4323437571484637, 0.21430825061904513, 0.24497358030145983, 0.043705039562225205, 0.2939775374511999, 0.6088662613143964, 0.24211522496577997, 0.1558472658620349, 0.30416809683837315, 0.49150414501748785, 0.8053120523338906], [0.1224087923990658, 0.3289350696317106, 0.2569651502340281, 0.2917309117315331, 0.23694061970578373, 0.25362315588919604, 0.32153499221098225, 0.3705976611796972, 0.47215829025229195, 0.448865863439347, 0.6268250119822919, 0.40449664084018616, 0.5360676443805802, 0.602925413805682, 0.2475418871605214, 0.09619522341151135, 0.2984058283435127, 0.1785915292894899, 0.298619122665624, 0.0, 0.1623308695179642, 0.13030325256060427, 0.054975002480776004, 0.2205360896430358, 0.2723618521309023, 0.3880434361676388, 0.4438351432216451, 0.4026033135289451, 0.12254742074745326, 0.11014286602006954, 0.1375301294896871, 0.17503854703891986, 0.5769138799252217, 0.14950843249494095, 0.15254387571777317, 0.16027829744220295, 0.18803892578411724, 0.21301692611266734, 0.18288933027082, 0.2028926668925646, 0.3502468049267255, 0.27779357717319725, 0.3718782690330567, 0.11333387099841619, 0.26224642392547143, 0.17217788794809163, 0.3961304602738835, 0.21245824456513657, 0.15376335924664442, 0.020602753230983855, 0.5006087488122835, 0.6911724742043943], [0.167199942596558, 0.2286998411950949, 0.16813664428198846, 0.39712575106192105, 0.3363363969981562, 0.35657646364605183, 0.2107934528683058, 0.3382116242812744, 0.44475231687391586, 0.43791393108464516, 0.7658129566704578, 0.540287317237042, 0.6962267520988658, 0.7652473840434391, 0.34140944160252157, 0.2537737386384195, 0.1474500920057051, 0.1196024872294999, 0.2684373507779635, 0.1623308695179642, 0.0, 0.14603268695948868, 0.10886366916586586, 0.32540612243199674, 0.39901315534273, 0.5483971487286325, 0.6007813712935149, 0.5548914708415116, 0.2675662357397228, 0.1407335451941484, 0.08741007912445041, 0.1981509355629073, 0.6398208152887985, 0.24253562503633297, 0.23679725825281284, 0.2397367386746321, 0.2866227306276697, 0.306932623597185, 0.26403696313214364, 0.2889237734203189, 0.30594915123670763, 0.1689425764940676, 0.4272873931120767, 0.23398415412389634, 0.2523479850788119, 0.30906876758160373, 0.5579961991088543, 0.3201988676836769, 0.20070508095742817, 0.18247108452644825, 0.6246950475544243, 0.8488734375199369], [0.026862703683445316, 0.37086100395509664, 0.14015930520464429, 0.2544252340202606, 0.19373162268048147, 0.21428844302617328, 0.35496576755575, 0.24185210383211717, 0.34558623710219716, 0.3265000151555866, 0.6325951161298433, 0.4079241084098434, 0.5946312942491737, 0.6787036008775733, 0.19731371969711564, 0.1731121743644715, 0.22344253421128096, 0.06777021933223726, 0.16909326114702944, 0.13030325256060427, 0.14603268695948868, 0.0, 0.10177009360810425, 0.18503520672186993, 0.26515991536621925, 0.45086620049600634, 0.49202204493112695, 0.4388434801203559, 0.24971012882612956, 0.20547050496775757, 0.06083920120182572, 0.05657322461071129, 0.49704328981926776, 0.10493255477531936, 0.09632751119816389, 0.09724848717962173, 0.1464100705388437, 0.16402172621748673, 0.12013366299123544, 0.14489463888241172, 0.2200929554809072, 0.31177623052370557, 0.2844374057623453, 0.11599917271295108, 0.1355717521542453, 0.18981387105884992, 0.48507125007266594, 0.18123397816391823, 0.05474287616959414, 0.13820747024439997, 0.4847561209203625, 0.7380273159593442], [0.10557780331442011, 0.29709427335190397, 0.21047101527554735, 0.31333800732304, 0.2545586680055815, 0.2733419379302296, 0.2862225952898992, 0.3419063988402426, 0.44669505818036437, 0.42826974411589486, 0.6663708845543544, 0.4418125806706251, 0.587507296156416, 0.6568628190113208, 0.2628446256019204, 0.14515805728994147, 0.2435834508758772, 0.13367996055256726, 0.26862703683445316, 0.054975002480776004, 0.10886366916586586, 0.10177009360810425, 0.0, 0.2403556433263771, 0.30405643453767994, 0.4396166029044628, 0.49295289362180744, 0.448790204450408, 0.17249808170773023, 0.10444600244101333, 0.08875937730365675, 0.1558472658620349, 0.5838763560560065, 0.16025181172815908, 0.1589753083314777, 0.1648735246855118, 0.20364443315759675, 0.22728488232348945, 0.18972439951437445, 0.21301692611266734, 0.31760331932646935, 0.24185210383211717, 0.3736092159446028, 0.13743750620194, 0.23715549939296804, 0.20799599293212223, 0.4508567857766932, 0.2334756502384886, 0.14241257316857192, 0.07428428319004365, 0.5327156497722431, 0.7408974649093637], [0.16001324302329453, 0.5371592557594697, 0.294684197909821, 0.07301634347974434, 0.01842766269925333, 0.03322094137455651, 0.5251479738328246, 0.28352562529542713, 0.35327564455206606, 0.3134057341167247, 0.44871453270439937, 0.22587985207131078, 0.44284897998159906, 0.5427329909238504, 0.032575813140151066, 0.16183328239578387, 0.40276143074616155, 0.2448175847981316, 0.2389386485559038, 0.2205360896430358, 0.32540612243199674, 0.18503520672186993, 0.2403556433263771, 0.0, 0.08569358508111859, 0.31316184911095457, 0.3354264899960913, 0.2750911212806191, 0.2786479531097645, 0.33028726021310845, 0.24525066064485693, 0.1532933451816344, 0.36178810120465554, 0.08292448214663999, 0.0891411398280524, 0.08784604232330621, 0.03887319704990398, 0.026060650512120857, 0.06726727939963124, 0.046069156748133326, 0.2865634865735793, 0.4808260644036756, 0.17347958653802534, 0.10721352887611603, 0.19718460175132416, 0.08163475374459093, 0.38026454253292824, 0.009213831349626665, 0.13402878799082396, 0.20834263616853935, 0.2999947647818856, 0.571977848944051], [0.2389386485559038, 0.5995436590031433, 0.3802533797863778, 0.0636354981456704, 0.08745862679779862, 0.07237404409177854, 0.5899730683441311, 0.3587009748300369, 0.4161756152658738, 0.37227755557850956, 0.36786156756875926, 0.142769795903269, 0.3613419853246236, 0.4656951474095656, 0.09557545942236151, 0.19026059766179765, 0.4861987856052878, 0.32790108650094985, 0.3209006960307931, 0.2723618521309023, 0.39901315534273, 0.26515991536621925, 0.30405643453767994, 0.08569358508111859, 0.0, 0.24014362713399115, 0.2535059741337428, 0.19152805210991627, 0.29669395364871465, 0.3812901171531454, 0.32374524240034436, 0.23829825197936305, 0.3530352555445405, 0.16025181172815908, 0.1692187291921529, 0.1698946554997639, 0.120732837097157, 0.11152162038105749, 0.15201425627728027, 0.13176100987962927, 0.3659642878870277, 0.5456579975061068, 0.2065214064478935, 0.16689501843531773, 0.2804548601132095, 0.10101654079580952, 0.3209006960307931, 0.086285944103441, 0.21720031813752966, 0.2558725923053832, 0.22886682280747256, 0.4866612795067995], [0.42479659733692576, 0.6943341810726412, 0.5861981142768203, 0.3008284187980934, 0.3218252934901528, 0.3107944274998626, 0.6935083825851955, 0.5960216627935305, 0.6562227560721432, 0.6118566790981067, 0.3152827149438743, 0.1952375859679023, 0.1480247243158035, 0.23076923076923075, 0.3327838948594105, 0.294684197909821, 0.6698398358967328, 0.5186331361384058, 0.5509609209190074, 0.3880434361676388, 0.5483971487286325, 0.45086620049600634, 0.4396166029044628, 0.31316184911095457, 0.24014362713399115, 0.0, 0.07353768853096643, 0.0925978590577324, 0.32562780207787007, 0.4691098065430493, 0.4972482068403013, 0.44608648152422997, 0.534545172403108, 0.3580139664214379, 0.3701162908893316, 0.37500406784841017, 0.3353885236328997, 0.3379856392812082, 0.3672263771971974, 0.35496576755575, 0.5996286122898445, 0.6527204550398232, 0.44042692121353205, 0.33488189415389225, 0.5081826849863567, 0.2643743496353942, 0.1081202966921119, 0.30915116028780326, 0.4187987890334978, 0.36745748255499855, 0.2890412818231113, 0.30593527693557643], [0.46532128911048726, 0.7584332128974065, 0.6221485683521358, 0.30698793673938884, 0.3404008810820218, 0.32582327651393106, 0.7562641826735479, 0.6115235901041713, 0.6611397509543295, 0.6148118402735216, 0.24325212770525995, 0.16505364407949807, 0.1078451309753609, 0.218194732082502, 0.34908141651374375, 0.34820481559082206, 0.7144433584532232, 0.559371390111481, 0.5738375348083826, 0.4438351432216451, 0.6007813712935149, 0.49202204493112695, 0.49295289362180744, 0.3354264899960913, 0.2535059741337428, 0.07353768853096643, 0.0, 0.0641669102790458, 0.3925676086731888, 0.5316388672984526, 0.5427877354167518, 0.4796593523809246, 0.5022763629156217, 0.39291346424045054, 0.40441268118159085, 0.40801774892924825, 0.36369549569652593, 0.3613537322723462, 0.3962590253641752, 0.38026454253292824, 0.6194682956597127, 0.7145681152157668, 0.43765213969547906, 0.37703601325253205, 0.5325642342523559, 0.3022361401916632, 0.1698946554997639, 0.33329371345759984, 0.454130670509001, 0.4232950847658638, 0.2392049744589998, 0.24812421856535113], [0.4119932517236692, 0.7247602316583709, 0.5654395502630281, 0.24325212770525995, 0.27889157978197276, 0.26352201975925854, 0.7206900800659307, 0.5483971487286325, 0.5969894390002727, 0.5506449565360145, 0.24337424661379775, 0.10633895081372191, 0.17111451703250177, 0.2821449079254857, 0.2869187674041913, 0.3064343560225412, 0.6621790273331002, 0.5054859368586382, 0.5124166087728189, 0.4026033135289451, 0.5548914708415116, 0.4388434801203559, 0.448790204450408, 0.2750911212806191, 0.19152805210991627, 0.0925978590577324, 0.0641669102790458, 0.0, 0.3669372908127898, 0.49723967031712296, 0.49203067197789796, 0.4225724636465755, 0.44669505818036437, 0.33723126223926936, 0.3483023246421848, 0.351251263731444, 0.3053102808243128, 0.301138682122486, 0.3378474629228015, 0.3205565948844059, 0.5571816445799673, 0.6779839886978023, 0.37359785434331244, 0.3257581314015107, 0.4717085727578742, 0.24971012882612956, 0.20070508095742817, 0.273636830377269, 0.3980759034165911, 0.3824017525065137, 0.1965161409009354, 0.2994849545790859], [0.23674347532636994, 0.3700474725880353, 0.3795047278077436, 0.33791027736285767, 0.297051407759758, 0.3076923076923077, 0.37118134298664907, 0.48427427764128733, 0.5816912914227439, 0.5536278371418445, 0.607449390482649, 0.40102929719810937, 0.46924551423222594, 0.5171332102155186, 0.31067148395957095, 0.11701928557669147, 0.41224044769694435, 0.301138682122486, 0.41432541424176017, 0.12254742074745326, 0.2675662357397228, 0.24971012882612956, 0.17249808170773023, 0.2786479531097645, 0.29669395364871465, 0.32562780207787007, 0.3925676086731888, 0.3669372908127898, 0.0, 0.15128650938656854, 0.25944748645092136, 0.2869335612255115, 0.638485937546961, 0.23425611286214992, 0.24227296047961205, 0.2509987013277586, 0.2586445712823259, 0.28215995204333083, 0.26743929172321224, 0.28001559593264763, 0.46714215808705695, 0.33252869244851707, 0.4490549551418281, 0.18792602338679723, 0.3750606594231455, 0.20347761401581105, 0.30465613819971804, 0.26944746667353053, 0.26128970167550775, 0.11152162038105749, 0.5078233887494188, 0.6304913775878048], [0.20982465362553018, 0.2275275386132053, 0.29381866579391847, 0.4018117941318308, 0.34634692771976494, 0.3634503195002709, 0.22465505135396216, 0.44215831702698905, 0.5480564716394476, 0.5315350619929041, 0.7289823587344012, 0.5096839664992917, 0.6154742788668364, 0.6680949048079393, 0.35643358539923947, 0.19642972218923627, 0.2869335612255115, 0.22437145555226568, 0.36884107382899944, 0.11014286602006954, 0.1407335451941484, 0.20547050496775757, 0.10444600244101333, 0.33028726021310845, 0.3812901171531454, 0.4691098065430493, 0.5316388672984526, 0.49723967031712296, 0.15128650938656854, 0.0, 0.17782933203471457, 0.26024792448275913, 0.6834899340102145, 0.25600527190585026, 0.2570972660012318, 0.2639887298609605, 0.2966796465261675, 0.32142936310425174, 0.28804093236656414, 0.3097272955318603, 0.4154712618145412, 0.1836536403063358, 0.47524974255098296, 0.22311935174906397, 0.33991421058507276, 0.2804548601132095, 0.4558100155585256, 0.32235244420134374, 0.24630416996954982, 0.1254232263666662, 0.6085385108049579, 0.7750415117061097], [0.08529639367255464, 0.3153904026645259, 0.12174815213847313, 0.3151749904289184, 0.2544252340202606, 0.2749522136446675, 0.2980784806165273, 0.26643749402465006, 0.3731317308251276, 0.36088355611553846, 0.6915776847466553, 0.4664146635314096, 0.6431359883823988, 0.7218847232589609, 0.2581517580598669, 0.2078735102482657, 0.17259648335960534, 0.04670967228724296, 0.19370971105651494, 0.1375301294896871, 0.08741007912445041, 0.06083920120182572, 0.08875937730365675, 0.24525066064485693, 0.32374524240034436, 0.4972482068403013, 0.5427877354167518, 0.49203067197789796, 0.25944748645092136, 0.17782933203471457, 0.0, 0.11075776467651363, 0.5524996200385192, 0.16381456260312352, 0.15617376188860607, 0.15771538804071528, 0.206459736788494, 0.22473061645914452, 0.18092924513891728, 0.2057182588820752, 0.23817353046617595, 0.2557730374378684, 0.33991421058507276, 0.16628349264731773, 0.17071715332163712, 0.24237806046018126, 0.5220592943360087, 0.2410610172371179, 0.11526499335795899, 0.1526829439166966, 0.5451910510211426, 0.7901364037790414], [0.052768795428464264, 0.42539571840565865, 0.14288867169064465, 0.21592629003004296, 0.1574460191198686, 0.17775770848396688, 0.40863108313161073, 0.19737824699584738, 0.2972085513726133, 0.27447321591527074, 0.6007884366082041, 0.3791130530856749, 0.5851544630885877, 0.6764797235802689, 0.1575807611377852, 0.19285321587636278, 0.25057556015675786, 0.09486219975718722, 0.12810208123734326, 0.17503854703891986, 0.1981509355629073, 0.05657322461071129, 0.1558472658620349, 0.1532933451816344, 0.23829825197936305, 0.44608648152422997, 0.4796593523809246, 0.4225724636465755, 0.2869335612255115, 0.26024792448275913, 0.11075776467651363, 0.0, 0.442129515990165, 0.08808731177608832, 0.07597919974227613, 0.07166678890833235, 0.11806653968200909, 0.12873011739606113, 0.086285944103441, 0.10815954893399028, 0.18151481610845663, 0.3659758864699602, 0.22944105150390823, 0.12062731675324143, 0.08818363472643699, 0.18188859218738765, 0.49241011240107063, 0.15201425627728027, 0.02913669304148347, 0.17811553822639956, 0.4471604398587178, 0.7216553640006586], [0.48210442560502215, 0.8675202650978558, 0.5264396541209172, 0.3014767870367504, 0.3437882848900197, 0.331134382389992, 0.8505768758862813, 0.37595367571447635, 0.3322732940295409, 0.29189091972287323, 0.41148809884850834, 0.34043828845748025, 0.5887703118190161, 0.7085490224746286, 0.3314034671603393, 0.5227499513646997, 0.6528309991086749, 0.5263509525725185, 0.408256954899744, 0.5769138799252217, 0.6398208152887985, 0.49704328981926776, 0.5838763560560065, 0.36178810120465554, 0.3530352555445405, 0.534545172403108, 0.5022763629156217, 0.44669505818036437, 0.638485937546961, 0.6834899340102145, 0.5524996200385192, 0.442129515990165, 0.0, 0.4277838119344994, 0.4264122923379296, 0.41969987898540617, 0.389560963801464, 0.36449991349533034, 0.3954548078118672, 0.37413147662844665, 0.4102483628685036, 0.8080955578623082, 0.21269785920282933, 0.46549457784909853, 0.4007963683684059, 0.4353084347860404, 0.6382000041415092, 0.3708037714351251, 0.4450385460037526, 0.5673880038327201, 0.27661450146369404, 0.6344376918777465], [0.0787230095599343, 0.4557448233406122, 0.22936703825956187, 0.1553289102813993, 0.09513029883089882, 0.1147852586320611, 0.4430789617238413, 0.2651439066774996, 0.35370793306198184, 0.3218252934901528, 0.5278890165721005, 0.3030216076314281, 0.4977601303185414, 0.5883952988435044, 0.10264224665358297, 0.12323822340545186, 0.3271883276398119, 0.16914345953351365, 0.20447648742248173, 0.14950843249494095, 0.24253562503633297, 0.10493255477531936, 0.16025181172815908, 0.08292448214663999, 0.16025181172815908, 0.3580139664214379, 0.39291346424045054, 0.33723126223926936, 0.23425611286214992, 0.25600527190585026, 0.16381456260312352, 0.08808731177608832, 0.4277838119344994, 0.0, 0.012361651938590313, 0.01954548788409064, 0.044379688651828376, 0.06707770472657995, 0.03410362484413167, 0.05372540736689063, 0.25734480025350653, 0.39883226695783364, 0.22283380150397625, 0.04661870886637355, 0.1609126467450764, 0.09382739024427758, 0.40629757701343927, 0.07774639409980796, 0.061256389183168884, 0.1420544521327178, 0.3824017525065137, 0.6367084138535478], [0.07089263387581461, 0.4527733350352404, 0.2177468331017338, 0.16033125574447157, 0.0995776057890408, 0.11977980754514664, 0.4395007211865447, 0.25375701163456926, 0.34347947261411843, 0.3124290518223933, 0.5363130549268554, 0.3118851289659099, 0.5094923825963746, 0.6005623053106849, 0.10557780331442011, 0.13317094409935282, 0.31730915545140614, 0.1590553899292011, 0.19241250868271598, 0.15254387571777317, 0.23679725825281284, 0.09632751119816389, 0.1589753083314777, 0.0891411398280524, 0.1692187291921529, 0.3701162908893316, 0.40441268118159085, 0.3483023246421848, 0.24227296047961205, 0.2570972660012318, 0.15617376188860607, 0.07597919974227613, 0.4264122923379296, 0.012361651938590313, 0.0, 0.008741007912445042, 0.05029773063024833, 0.07041200030775156, 0.03097272955318603, 0.054197381944351926, 0.2453890834924208, 0.3953689280545568, 0.21937820927841709, 0.05604554809399615, 0.14891102223140384, 0.10605916357611733, 0.41864672895379845, 0.08494732774988195, 0.0497888028945204, 0.14664182386243252, 0.38913577994600035, 0.6477329992007096], [0.07284173260370867, 0.45744608075129045, 0.21426863360223208, 0.15768847185517226, 0.09685485552825747, 0.11730911706849882, 0.44379688651828375, 0.2456484160939356, 0.33488189415389225, 0.30370722524072097, 0.5361468213464327, 0.31225238082048073, 0.5135006342360853, 0.6056088107843847, 0.10177009360810425, 0.14178526775162922, 0.3163042680272264, 0.15801116347203664, 0.1850581454446658, 0.16027829744220295, 0.2397367386746321, 0.09724848717962173, 0.1648735246855118, 0.08784604232330621, 0.1698946554997639, 0.37500406784841017, 0.40801774892924825, 0.351251263731444, 0.2509987013277586, 0.2639887298609605, 0.15771538804071528, 0.07166678890833235, 0.41969987898540617, 0.01954548788409064, 0.008741007912445042, 0.0, 0.0495323781705219, 0.06726727939963124, 0.025064331074881836, 0.0495323781705219, 0.2378525176996695, 0.3997571274580819, 0.21187805711799235, 0.06469395740925579, 0.14145556897643827, 0.11155967587453199, 0.4251362029381926, 0.08449640982030206, 0.04743109987859361, 0.15483623584470188, 0.38752897094092636, 0.6505382543515217], [0.12118903023009063