import numpy as np

sample_files = ['gr21.tsp', 'kroA150.tsp']

left_files = ['vm1748.tsp', 'gr48.opt.tour', 'lin105.tsp', 'gr202.opt.tour', 'pa561.tsp', 'u2319.tsp', 'st70.opt.tour', 'u574.tsp', 'eil51.opt.tour', 'gr666.tsp', 'kroD100.tsp', 'gr120.opt.tour', 'dsj1000.tsp', 'pr76.tsp', 'st70.tsp', 'bayg29.opt.tour', 'eil51.tsp', 'eil101.tsp', 'fnl4461.tsp', 'fl417.tsp', 'gr48.tsp', 'gr96.opt.tour', 'u1432.tsp', 'fl3795.tsp', 'att48.opt.tour', 'ulysses16.opt.tour', 'ulysses22.opt.tour', 'pcb442.tsp', 'si1032.tsp', 'gr666.opt.tour', 'ulysses22.tsp', 'pr2392.tsp', 'burma14.tsp', 'u2152.tsp', 'pr264.tsp', 'kroC100.opt.tour', 'bays29.opt.tour', 'lin318.tsp', 'pa561.opt.tour', 'pcb1173.tsp', 'hk48.tsp', 'gr202.tsp', 'gr17.tsp', 'rl1304.tsp', 'a280.tsp', 'berlin52.tsp', 'rl5934.tsp', 'usa13509.tsp', 'rat99.tsp', 'gr229.tsp', 'pla85900.tsp', 'kroE100.tsp', 'kroD100.opt.tour', 'ulysses16.tsp', 'pr107.tsp', 'ch150.opt.tour', 'nrw1379.tsp', 'rl5915.tsp', 'u724.tsp', 'bayg29.tsp', 'gr96.tsp', 'swiss42.tsp', 'pr1002.opt.tour', 'pr226.tsp', 'lin105.opt.tour', 'pr124.tsp', 'rd100.tsp', 'pla7397.tsp', 'd198.tsp', 'pr439.tsp', 'u1060.tsp', 'kroB200.tsp', 'd1655.tsp', 'berlin52.opt.tour', 'd15112.tsp', 'd1291.tsp', 'ts225.tsp', 'rl11849.tsp', 'fri26.tsp', 'fri26.opt.tour', 'kroA100.tsp', 'gr24.tsp', 'kroC100.tsp', 'xray.problems', 'dantzig42.tsp', 'rl1323.tsp', 'rat783.tsp', 'eil76.opt.tour', 'rat575.tsp', 'pr76.opt.tour', 'rd400.tsp', 'brg180.tsp', 'fl1577.tsp', 'brazil58.tsp', 'bier127.tsp', 'pr2392.opt.tour', 'd657.tsp', 'fl1400.tsp', 'pr1002.tsp', 'kroA200.tsp', 'brd14051.tsp', 'd18512.tsp', 'vm1084.tsp', 'pcb442.opt.tour', 'eil76.tsp', 'gr120.tsp', 'd493.tsp', 'rat195.tsp', 'gr137.tsp', 'si175.tsp', 'si535.tsp', 'u159.tsp', 'kroB100.tsp', 'ch150.tsp', 'p654.tsp', 'd2103.tsp', 'u1817.tsp', 'pr136.tsp', 'pr144.tsp', 'a280.opt.tour', 'gr431.tsp', 'att532.tsp', 'rl1889.tsp', 'tsp225.opt.tour', 'kroB150.tsp', 'tsp225.tsp', 'ch130.tsp', 'eil101.opt.tour', 'pr299.tsp', 'pr152.tsp', 'brg180.opt.tour', 'rd100.opt.tour', 'gr24.opt.tour', 'bays29.tsp', 'pcb3038.tsp', 'linhp318.tsp', 'gil262.tsp', 'pla33810.tsp', 'kroA100.opt.tour', 'att48.tsp', 'ch130.opt.tour', 'ali535.tsp']

tsp_test_data_NS = {
    "gr21": np.array([[0.0, 0.5895953757225434, 0.7341040462427746, 0.10520231213872833, 0.44508670520231214, 0.1791907514450867, 0.12716763005780346, 0.15028901734104047, 0.5664739884393064, 0.4277456647398844, 0.1791907514450867, 0.07861271676300578, 0.7052023121387283, 0.7572254335260116, 0.5549132947976878, 0.3063583815028902, 0.2947976878612717, 0.5202312138728323, 0.19653179190751446, 0.2774566473988439, 0.4393063583815029], [0.5895953757225434, 0.0, 0.41040462427745666, 0.4797687861271676, 0.6763005780346821, 0.5491329479768786, 0.5549132947976878, 0.5780346820809249, 0.6994219653179191, 0.3699421965317919, 0.4393063583815029, 0.5086705202312138, 0.4161849710982659, 0.27167630057803466, 0.09364161849710982, 0.5549132947976878, 0.5086705202312138, 0.31213872832369943, 0.5144508670520231, 0.3352601156069364, 0.16184971098265896], [0.7341040462427746, 0.41040462427745666, 0.0, 0.6994219653179191, 0.4508670520231214, 0.5722543352601156, 0.6589595375722543, 0.6242774566473989, 0.34104046242774566, 0.8092485549132948, 0.7398843930635838, 0.6647398843930635, 0.815028901734104, 0.6763005780346821, 0.5028901734104047, 0.48554913294797686, 0.8728323699421965, 0.7225433526011561, 0.8670520231213873, 0.6820809248554913, 0.5722543352601156], [0.10520231213872833, 0.4797687861271676, 0.6994219653179191, 0.0, 0.4046242774566474, 0.13872832369942195, 0.09017341040462427, 0.11213872832369942, 0.5317919075144508, 0.3236994219653179, 0.07283236994219654, 0.03121387283236994, 0.6011560693641619, 0.6416184971098265, 0.4393063583815029, 0.27167630057803466, 0.27167630057803466, 0.3988439306358382, 0.18497109826589594, 0.16184971098265896, 0.3236994219653179], [0.44508670520231214, 0.6763005780346821, 0.4508670520231214, 0.4046242774566474, 0.0, 0.2774566473988439, 0.3699421965317919, 0.32947976878612717, 0.13872832369942195, 0.6820809248554913, 0.49710982658959535, 0.3699421965317919, 0.9653179190751445, 0.8670520231213873, 0.6647398843930635, 0.14450867052023122, 0.7514450867052023, 0.7630057803468208, 0.5722543352601156, 0.5549132947976878, 0.5549132947976878], [0.1791907514450867, 0.5491329479768786, 0.5722543352601156, 0.13872832369942195, 0.2774566473988439, 0.0, 0.11098265895953757, 0.04161849710982659, 0.4046242774566474, 0.42196531791907516, 0.23121387283236994, 0.10520231213872833, 0.6994219653179191, 0.7109826589595376, 0.5086705202312138, 0.14450867052023122, 0.4277456647398844, 0.49710982658959535, 0.3063583815028902, 0.2947976878612717, 0.3930635838150289], [0.12716763005780346, 0.5549132947976878, 0.6589595375722543, 0.09017341040462427, 0.3699421965317919, 0.11098265895953757, 0.0, 0.03352601156069364, 0.4913294797687861, 0.4046242774566474, 0.18497109826589594, 0.055491329479768786, 0.6820809248554913, 0.7225433526011561, 0.5260115606936416, 0.23121387283236994, 0.3699421965317919, 0.48554913294797686, 0.2543352601156069, 0.23699421965317918, 0.4046242774566474], [0.15028901734104047, 0.5780346820809249, 0.6242774566473989, 0.11213872832369942, 0.32947976878612717, 0.04161849710982659, 0.03352601156069364, 0.0, 0.4508670520231214, 0.4277456647398844, 0.2023121387283237, 0.07745664739884393, 0.7052023121387283, 0.7456647398843931, 0.5375722543352601, 0.1907514450867052, 0.4046242774566474, 0.5086705202312138, 0.2774566473988439, 0.2543352601156069, 0.4277456647398844], [0.5664739884393064, 0.6994219653179191, 0.34104046242774566, 0.5317919075144508, 0.13872832369942195, 0.4046242774566474, 0.4913294797687861, 0.4508670520231214, 0.0, 0.7225433526011561, 0.6184971098265896, 0.49710982658959535, 1.0, 0.8959537572254336, 0.6936416184971098, 0.2658959537572254, 0.7861271676300579, 0.7976878612716763, 0.6936416184971098, 0.5953757225433526, 0.5838150289017341], [0.4277456647398844, 0.3699421965317919, 0.8092485549132948, 0.3236994219653179, 0.6820809248554913, 0.42196531791907516, 0.4046242774566474, 0.4277456647398844, 0.7225433526011561, 0.0, 0.2774566473988439, 0.3468208092485549, 0.28901734104046245, 0.32947976878612717, 0.2832369942196532, 0.5491329479768786, 0.17341040462427745, 0.08901734104046242, 0.27167630057803466, 0.17341040462427745, 0.2138728323699422], [0.1791907514450867, 0.4393063583815029, 0.7398843930635838, 0.07283236994219654, 0.49710982658959535, 0.23121387283236994, 0.18497109826589594, 0.2023121387283237, 0.6184971098265896, 0.2774566473988439, 0.0, 0.10404624277456648, 0.5549132947976878, 0.5953757225433526, 0.3988439306358382, 0.3583815028901734, 0.2023121387283237, 0.3583815028901734, 0.14450867052023122, 0.11560693641618497, 0.2774566473988439], [0.07861271676300578, 0.5086705202312138, 0.6647398843930635, 0.03121387283236994, 0.3699421965317919, 0.10520231213872833, 0.055491329479768786, 0.07745664739884393, 0.49710982658959535, 0.3468208092485549, 0.10404624277456648, 0.0, 0.630057803468208, 0.6763005780346821, 0.4797687861271676, 0.23699421965317918, 0.3063583815028902, 0.4393063583815029, 0.19653179190751446, 0.19653179190751446, 0.3583815028901734], [0.7052023121387283, 0.4161849710982659, 0.815028901734104, 0.6011560693641619, 0.9653179190751445, 0.6994219653179191, 0.6820809248554913, 0.7052023121387283, 1.0, 0.28901734104046245, 0.5549132947976878, 0.630057803468208, 0.0, 0.21965317919075145, 0.34104046242774566, 0.8265895953757225, 0.4624277456647399, 0.20809248554913296, 0.5606936416184971, 0.4508670520231214, 0.3988439306358382], [0.7572254335260116, 0.27167630057803466, 0.6763005780346821, 0.6416184971098265, 0.8670520231213873, 0.7109826589595376, 0.7225433526011561, 0.7456647398843931, 0.8959537572254336, 0.32947976878612717, 0.5953757225433526, 0.6763005780346821, 0.21965317919075145, 0.0, 0.19653179190751446, 0.7514450867052023, 0.5028901734104047, 0.24855491329479767, 0.6069364161849711, 0.4913294797687861, 0.3236994219653179], [0.5549132947976878, 0.09364161849710982, 0.5028901734104047, 0.4393063583815029, 0.6647398843930635, 0.5086705202312138, 0.5260115606936416, 0.5375722543352601, 0.6936416184971098, 0.2832369942196532, 0.3988439306358382, 0.4797687861271676, 0.34104046242774566, 0.19653179190751446, 0.0, 0.5491329479768786, 0.44508670520231214, 0.21965317919075145, 0.4682080924855491, 0.2947976878612717, 0.12138728323699421], [0.3063583815028902, 0.5549132947976878, 0.48554913294797686, 0.27167630057803466, 0.14450867052023122, 0.14450867052023122, 0.23121387283236994, 0.1907514450867052, 0.2658959537572254, 0.5491329479768786, 0.3583815028901734, 0.23699421965317918, 0.8265895953757225, 0.7514450867052023, 0.5491329479768786, 0.0, 0.5606936416184971, 0.630057803468208, 0.43352601156069365, 0.45664739884393063, 0.4393063583815029], [0.2947976878612717, 0.5086705202312138, 0.8728323699421965, 0.27167630057803466, 0.7514450867052023, 0.4277456647398844, 0.3699421965317919, 0.4046242774566474, 0.7861271676300579, 0.17341040462427745, 0.2023121387283237, 0.3063583815028902, 0.4624277456647399, 0.5028901734104047, 0.44508670520231214, 0.5606936416184971, 0.0, 0.26011560693641617, 0.10057803468208093, 0.23699421965317918, 0.3236994219653179], [0.5202312138728323, 0.31213872832369943, 0.7225433526011561, 0.3988439306358382, 0.7630057803468208, 0.49710982658959535, 0.48554913294797686, 0.5086705202312138, 0.7976878612716763, 0.08901734104046242, 0.3583815028901734, 0.4393063583815029, 0.20809248554913296, 0.24855491329479767, 0.21965317919075145, 0.630057803468208, 0.26011560693641617, 0.0, 0.36416184971098264, 0.2543352601156069, 0.1907514450867052], [0.19653179190751446, 0.5144508670520231, 0.8670520231213873, 0.18497109826589594, 0.5722543352601156, 0.3063583815028902, 0.2543352601156069, 0.2774566473988439, 0.6936416184971098, 0.27167630057803466, 0.14450867052023122, 0.19653179190751446, 0.5606936416184971, 0.6069364161849711, 0.4682080924855491, 0.43352601156069365, 0.10057803468208093, 0.36416184971098264, 0.0, 0.1791907514450867, 0.35260115606936415], [0.2774566473988439, 0.3352601156069364, 0.6820809248554913, 0.16184971098265896, 0.5549132947976878, 0.2947976878612717, 0.23699421965317918, 0.2543352601156069, 0.5953757225433526, 0.17341040462427745, 0.11560693641618497, 0.19653179190751446, 0.4508670520231214, 0.4913294797687861, 0.2947976878612717, 0.45664739884393063, 0.23699421965317918, 0.2543352601156069, 0.1791907514450867, 0.0, 0.17341040462427745], [0.4393063583815029, 0.16184971098265896, 0.5722543352601156, 0.3236994219653179, 0.5549132947976878, 0.3930635838150289, 0.4046242774566474, 0.4277456647398844, 0.5838150289017341, 0.2138728323699422, 0.2774566473988439, 0.3583815028901734, 0.3988439306358382, 0.3236994219653179, 0.12138728323699421, 0.4393063583815029, 0.3236994219653179, 0.1907514450867052, 0.35260115606936415, 0.17341040462427745, 0.0]]),
    "kroA150": np.array([[0.0, 0.4013567678015757, 0.5339958617745376, 0.26165721687336074, 0.598139651122997, 0.09409066191449496, 0.34301678793966417, 0.10065450691512541, 0.33763336784916503, 0.17760722466749934, 0.21392103182132854, 0.3667798011464696, 0.60549677407364, 0.5638930432415561, 0.24059018332111934, 0.2985835340066584, 0.24124816271650942, 0.27679791397278763, 0.19292328309790327, 0.3330774204062755, 0.20985338929584063, 0.31522146419251834, 0.20916760171696677, 0.2859490239187808, 0.28309295701262405, 0.35816063736520337, 0.3726045619239418, 0.09854425955624142, 0.49327128573778806, 0.5084619076097635, 0.2102327473098649, 0.18735640467958053, 0.6261253645470488, 0.4276834506172163, 0.37368537005236674, 0.27804052602020707, 0.5970444010192952, 0.2903968192826683, 0.49844230834859904, 0.3219964407833474, 0.6395797215094348, 0.15682712933637574, 0.5336613203253151, 0.3955633151217045, 0.21884034303016112, 0.5013756282951287, 0.10175924496698219, 0.5980966070795436, 0.10486339206890118, 0.40461498758638986, 0.2676034830015848, 0.5865783803420281, 0.23957014617559522, 0.3305491354016829, 0.40484589099014523, 0.18856955246886964, 0.322402160673883, 0.17028651399295278, 0.24441768544432568, 0.27319874537988986, 0.24733899219841532, 0.29865534832015483, 0.06830313269752993, 0.3237878402889911, 0.296420729929496, 0.3050046306714181, 0.14064044974258172, 0.38354235240680074, 0.294113715779905, 0.3287423418196148, 0.624805078721865, 0.1900385347889588, 0.36302602653428784, 0.22333657780410793, 0.14890485250895458, 0.6279917750379694, 0.24857441426084834, 0.5790568295084669, 0.23896788980315112, 0.20460452827392642, 0.2891557901572777, 0.5183006951968291, 0.4067438904728984, 0.21065025274980353, 0.4110802112730492, 0.3576062591928811, 0.2975337134537405, 0.2891212815899601, 0.1912124743024399, 0.15263288290331642, 0.17852413255988267, 0.07173283320505867, 0.0979133395326238, 0.3221722776631377, 0.5764030887405157, 0.5634931572385942, 0.19320105335750523, 0.1855608162635201, 0.3481111892952277, 0.6267518410395316, 0.49718800579950106, 0.3588145933492059, 0.6313318002513004, 0.32485724619041706, 0.1121904678831376, 0.20062259855738745, 0.4873211533812922, 0.19544869553096572, 0.1705644021182578, 0.24106028524019318, 0.35772279780285876, 0.48774194317078445, 0.12629272154054463, 0.36724181928126504, 0.4715834870726251, 0.46267187518209596, 0.35614563823122336, 0.32481943514307055, 0.24145836072040786, 0.4681121249452008, 0.5040241233138629, 0.16811893751346474, 0.5090345334695847, 0.3488052615878722, 0.2719250173139151, 0.5517687799833025, 0.26410007046152006, 0.5721651417471018, 0.3665700813557606, 0.018380381050491976, 0.09950446573363146, 0.5071761370027762, 0.17294734690811436, 0.23715064046350012, 0.39751037660329774, 0.5712651427193716, 0.2604914042122219, 0.22207327107076824, 0.15376174351559505, 0.3543387216808129, 0.2387950499507469, 0.10110530120926188, 0.20817951182210975, 0.36077495817093913, 0.30277797749472113, 0.6282935365372939, 0.5385357758219464, 0.1264117293441909, 0.4089769054631201, 0.32770105387387033], [0.4013567678015757, 0.0, 0.4050648671045119, 0.5696889556231066, 0.28118175866063094, 0.48760690801146966, 0.3299864428332917, 0.38405168338580564, 0.3182974986129647, 0.5789392095857894, 0.5592615128164705, 0.3808858038904707, 0.22992052434367527, 0.39404367738835705, 0.57988323308351, 0.6711167386088508, 0.5820841049152694, 0.6726048016997005, 0.5477342058753889, 0.38011611269665324, 0.5931673584622728, 0.6867962472477926, 0.45555686131865153, 0.6862765630922375, 0.2117401971906593, 0.6332663099328065, 0.4119091375414877, 0.3232432895380653, 0.35586742198336707, 0.28231629175985423, 0.37754199639251296, 0.5135222304081659, 0.2535269635127603, 0.3441344956723908, 0.44883464272978457, 0.6775073505580324, 0.27102584309481376, 0.691658917254848, 0.22787829573069537, 0.07978284787519481, 0.4704985926912592, 0.36418790374812987, 0.4349564243549496, 0.06082928455812905, 0.5036345733809426, 0.3880008673785837, 0.45820845745182076, 0.3783058548574451, 0.4965358929128459, 0.0986599891198561, 0.27193607668256764, 0.3087633308686938, 0.6110462259874205, 0.07854947389199438, 0.36253289784577286, 0.45113662682927624, 0.3320212853384489, 0.27519307591061337, 0.6226216441740889, 0.4388948145662267, 0.23853997389063636, 0.42736881014586775, 0.4692524334152127, 0.07864745470885849, 0.599050978465113, 0.6208228474594657, 0.2614517554614684, 0.16846314597852854, 0.13591691895046604, 0.6845901407305727, 0.4509053677740524, 0.5829260337566047, 0.10959431673419305, 0.6031404334826649, 0.49225372169875325, 0.24776543748730412, 0.39448815692973205, 0.29928935099570986, 0.627609711699194, 0.39594511717829745, 0.19978110032676222, 0.13512862144392984, 0.3587738588434024, 0.6120062593234352, 0.19733507635527286, 0.4154026606349315, 0.2888970213607439, 0.6653835055450209, 0.3365544511274734, 0.5457385148025246, 0.4690444882288582, 0.4195273365784354, 0.3318689609565512, 0.702535727979627, 0.1881970057491315, 0.2847338196190113, 0.4962425363495236, 0.4531806468967747, 0.7482614947145048, 0.4340696614595175, 0.2512785910730347, 0.7600846608025067, 0.27215716967993514, 0.7262067266060391, 0.28955675965588085, 0.5901371660852882, 0.2726857215531544, 0.22331316893671344, 0.48501004845447593, 0.39618171210169006, 0.7590189863593165, 0.31593432552631096, 0.5220391324953999, 0.06664990380183426, 0.4392776004752367, 0.10588230995497515, 0.32297536914462, 0.5869286837919956, 0.49969391240496663, 0.4402636255945827, 0.27756571806616526, 0.3732606210635125, 0.43011061415748186, 0.6239411446610778, 0.2679038049144318, 0.16151287582973436, 0.6503589563487071, 0.4807426086856103, 0.6640005818216468, 0.38553678475654196, 0.38328431658307976, 0.34319160062398063, 0.2916377715660741, 0.6129341125303683, 0.2750756998017869, 0.4371152148716336, 0.6466777562581778, 0.2527412907855579, 0.42726528185027624, 0.26506919059402106, 0.6155867493193722, 0.30035989214026737, 0.4684692382275152, 0.04972948937521204, 0.2877737824308351, 0.2619727243561987, 0.20771685782455931, 0.28165166823587906, 0.3863226679742733, 0.41976603989266403], [0.5339958617745376, 0.4050648671045119, 0.0, 0.7902101422427427, 0.2545744354771599, 0.6218468873715868, 0.19235791872660488, 0.5931804361693076, 0.1965946199423708, 0.6623195237912043, 0.536949829571918, 0.18551658260131287, 0.36338037090073105, 0.05246813522091795, 0.5404581676362873, 0.825620624695024, 0.5435465346447294, 0.779176214922457, 0.7269188604025367, 0.22144729199646104, 0.6122106830586517, 0.8420427357497517, 0.4038793850541451, 0.7695348616304956, 0.28070365306872125, 0.8812316654322969, 0.20061139059097882, 0.43999011462778936, 0.05074271708821817, 0.14037860827757592, 0.6567332519913142, 0.4947589426816988, 0.3634438671839958, 0.10631516888527454, 0.2331199982332001, 0.7224199858237333, 0.2687159575735228, 0.7624609566791719, 0.20166235606171473, 0.41039893558053875, 0.10687810476530327, 0.6145149117350108, 0.040549005747154775, 0.3443173120495156, 0.44945090868300763, 0.03301801574546306, 0.507039182243578, 0.12021884078576961, 0.6329891208491781, 0.30647806137055894, 0.2697988445926224, 0.19520047554791792, 0.7696435123399953, 0.43339112551772585, 0.1344599202790502, 0.6915072871520851, 0.21401272001789573, 0.37282091390007904, 0.6225657107825145, 0.3266254698247221, 0.3024033693308216, 0.2911238369955409, 0.5864947134348891, 0.39132748872108475, 0.825010183594133, 0.836746088710155, 0.4439329149641231, 0.24202016402142476, 0.3375674312136069, 0.860781525434559, 0.09507515647642675, 0.6260126821547063, 0.30523059236745825, 0.612349360298789, 0.6805348368241599, 0.38292042551954836, 0.31604737683534445, 0.19741795298134063, 0.75712094424643, 0.666657789683241, 0.2828084671627793, 0.3629617602298453, 0.1311008413872005, 0.6906903265556612, 0.208776481044794, 0.21972320976057366, 0.23732929664089586, 0.8144738746071131, 0.6133740750363085, 0.6739068046660117, 0.44694396032635675, 0.5963966629297567, 0.43762449294572786, 0.8427285572193199, 0.3872147609021571, 0.19594734784042547, 0.7156335501534711, 0.4235024949854733, 0.7859406315641774, 0.1077059025893265, 0.17135928261774935, 0.8107472539728178, 0.33650459073215083, 0.7853038202153974, 0.4611708497482689, 0.7211925531823142, 0.13952004985716104, 0.3802356573089772, 0.4735102321150024, 0.32441708488837717, 0.8196344718652084, 0.0898864045507513, 0.5921377212476708, 0.34756407154663693, 0.11430598520155288, 0.32609384609092856, 0.17808702381697486, 0.8414849585414487, 0.7494883975576802, 0.11940082055091829, 0.14321625210515915, 0.6285964945616085, 0.0602050826179828, 0.8714723177101756, 0.2664572529799181, 0.3864813109565531, 0.6583518169465801, 0.07828639547884532, 0.8961562517865854, 0.5307202947196259, 0.4446186892179056, 0.0640820361126412, 0.5586854308645353, 0.7654364938269779, 0.15280992629300189, 0.0382777268772498, 0.7796256852879856, 0.554819467095173, 0.6561180962430498, 0.19052685882901052, 0.6152986266267156, 0.47708242213368635, 0.7129878226561372, 0.37484517462146155, 0.23230511487891692, 0.35024946944161023, 0.27327517363127857, 0.4927914558154236, 0.14139225742153486, 0.2549624350988953], [0.26165721687336074, 0.5696889556231066, 0.7902101422427427, 0.0, 0.8172628815026666, 0.1949194984166398, 0.6018407099004628, 0.20169872922396015, 0.5955067605531608, 0.24422131327175314, 0.401970237602917, 0.6280901856199603, 0.7971161561259617, 0.8159788193147817, 0.4254084978012982, 0.1481285608865761, 0.42427403219157317, 0.22023568761886586, 0.08827888733023992, 0.5946773970962205, 0.3425795300479264, 0.15668637948419692, 0.4572026096106743, 0.26111215386815173, 0.5224768261412834, 0.09888223087238207, 0.6342348086720262, 0.35043382778997395, 0.7468300946402472, 0.7473857075330196, 0.20018923489413362, 0.4022417908548566, 0.820082022997246, 0.6843723053579055, 0.6340025092223914, 0.3167583794670508, 0.8127948186779874, 0.28206220938144155, 0.725736604278017, 0.4948829962017164, 0.8941012347319971, 0.20572063087182757, 0.7926867168754006, 0.5877520051789952, 0.4494077575473438, 0.758116921677242, 0.3306779296772132, 0.8430668414369323, 0.18623468150703806, 0.6090466800925137, 0.5206010352844076, 0.8174191729244337, 0.11798571427476744, 0.4911555434649451, 0.6642428277603101, 0.11863426773290023, 0.5819281211032112, 0.4179962460577983, 0.3728935811957778, 0.5299373025174279, 0.49222905504864584, 0.5579714560316459, 0.23090492439886423, 0.5053004488771011, 0.03489446353013237, 0.051238801503928975, 0.35612867042368757, 0.6105260072825984, 0.5056060607906824, 0.13146201527416715, 0.8782990071273543, 0.30665198127320903, 0.5729107331178821, 0.3574834714439091, 0.11314043970429769, 0.8165036950074203, 0.5092278045965549, 0.8089831303412235, 0.1703168810985527, 0.17972105186679826, 0.5253426662710152, 0.7030158481231316, 0.6657799444297062, 0.25161012944555167, 0.6431248742115794, 0.6190611393959449, 0.5529356712204911, 0.1526991601817218, 0.23528149259424633, 0.1772184534843842, 0.4173572400137824, 0.1942542022841543, 0.35361926741374544, 0.1860281097148775, 0.7578117419927313, 0.7928848617333537, 0.07687237147800406, 0.4317521953558604, 0.35529491038558203, 0.8775366709085767, 0.7307143661255042, 0.3426257173148345, 0.8333799417381252, 0.31381237933311734, 0.333534214516309, 0.16448151000268618, 0.7271910114346096, 0.4225342963585203, 0.3993071966765803, 0.50145561736844, 0.3279718839652116, 0.7358090005150352, 0.2757851181717954, 0.561048532219513, 0.7329569658827377, 0.6579351392289177, 0.6138819450781042, 0.0795280908610184, 0.08075069507395354, 0.7295621081935789, 0.7425686207867529, 0.19647749585641328, 0.7688993768713395, 0.0903492412240062, 0.5242022316799276, 0.731180557591293, 0.36559740928929846, 0.8324099645351088, 0.10594626385735328, 0.2613276697225432, 0.3602042384274811, 0.7576207474988643, 0.2782983811562723, 0.1287890877813962, 0.646686014117097, 0.8280425128661781, 0.16975023654059446, 0.31930132410952256, 0.14489204899676206, 0.6042858461767484, 0.3724212167330958, 0.3173441736865029, 0.10295290477407534, 0.5444979785585544, 0.5579182098731016, 0.8262257502593108, 0.7496035534310417, 0.31210142745531044, 0.6697080928812105, 0.5884636156080706], [0.598139651122997, 0.28118175866063094, 0.2545744354771599, 0.8172628815026666, 0.0, 0.6921556377561764, 0.33761671839896895, 0.617819022562551, 0.3319578747302972, 0.7630090183913842, 0.683604092778705, 0.3681137270438383, 0.11909913381328505, 0.21122693390562425, 0.6957241177307039, 0.8938609108625443, 0.6986023893839542, 0.872743199730333, 0.7769529265206341, 0.3925608308104559, 0.7433797613454113, 0.910375592763116, 0.5521034982043406, 0.8753010064542008, 0.3185337075481037, 0.8926848634199506, 0.39725370177048136, 0.5011719264489346, 0.230631129581225, 0.1311514270330116, 0.6403003657406638, 0.6361471477411175, 0.11253790713691203, 0.2793116233468111, 0.4389110161178617, 0.8462113067646408, 0.016414247937324437, 0.874529918378947, 0.10370067189063387, 0.3350152279925776, 0.255841934242781, 0.6149890720942988, 0.29511808696958197, 0.23881023286494424, 0.6041984443881511, 0.2624799170726004, 0.6145139512474119, 0.1546197497441734, 0.702770289952036, 0.2103076012914418, 0.35517369760296585, 0.061463610407720935, 0.83352073481702, 0.34814001213767903, 0.31837387081914437, 0.7022344905950968, 0.35552519568566837, 0.4311498106618548, 0.7638787044258658, 0.49498362483797465, 0.3570871500144693, 0.4659534434800225, 0.6637957210914521, 0.3200741247413172, 0.8496215603809107, 0.8681018313977906, 0.46733525820530325, 0.21475960550746942, 0.31218066597314836, 0.9173116999216097, 0.23881411671120123, 0.7457559947288811, 0.2443647828755102, 0.7484637398926338, 0.7229763974074409, 0.13372525790203446, 0.4641384357006418, 0.05741597841724236, 0.8371075405263745, 0.65638393378396, 0.31064924092356994, 0.16703023806469114, 0.3128404460311584, 0.7953817312908206, 0.19094182081512917, 0.412129884782394, 0.34190668850862616, 0.8854728556012044, 0.5964980243892539, 0.7507328010007671, 0.5851613325879741, 0.6404562638663477, 0.5047252571868819, 0.9197526598965508, 0.15898141704684693, 0.060017586380684405, 0.740685305644182, 0.5628367191604586, 0.9159506147592015, 0.211996495415931, 0.11831114810052547, 0.9350444330425598, 0.08234475426171738, 0.9043523416109907, 0.4938815007370226, 0.7987561769984278, 0.14765496425289593, 0.40422684247235496, 0.6091481974866237, 0.47049811479191733, 0.9391157871605225, 0.1904334563244196, 0.6954929178978501, 0.2616970654374749, 0.3528519106908175, 0.1754001654682933, 0.3208449763780521, 0.8475787658615815, 0.756246422862422, 0.35690126714416126, 0.13196412381623362, 0.6266461785518692, 0.3098790576935215, 0.8830093249036761, 0.34960135935042963, 0.1711250659524823, 0.7976331828837402, 0.326162446916018, 0.9184911607199618, 0.5874146332228091, 0.5378310062396472, 0.20132520886382568, 0.5447019380337533, 0.8326788934110926, 0.24521077134204342, 0.2651861203476809, 0.8585677371526361, 0.5174677904265124, 0.6724841926607702, 0.2785026162775122, 0.7563049935895801, 0.5091537839646795, 0.7219081927338775, 0.28400776299629893, 0.33699143659906405, 0.09754637172200038, 0.0734886401264016, 0.5065903698656867, 0.3406337621971054, 0.43807332276472843], [0.09409066191449496, 0.48760690801146966, 0.6218468873715868, 0.1949194984166398, 0.6921556377561764, 0.0, 0.4296839492501997, 0.12652907029005853, 0.42530885392822837, 0.10337763888587077, 0.21508562586151916, 0.4485258789077865, 0.6972356095128341, 0.6539287107390612, 0.24057195831434447, 0.20559189086701757, 0.24002128587375357, 0.18539473400960582, 0.1123109050759761, 0.41338336391187797, 0.17476783505040103, 0.22221307966090326, 0.2633586440020993, 0.19993565419855314, 0.3770035192774151, 0.29375685858110107, 0.45042751789533003, 0.19228309334824006, 0.582884759406636, 0.601873025887661, 0.22382307786760042, 0.20882547848652588, 0.7182199519970872, 0.5157052484493025, 0.4456410832242634, 0.2078402247379778, 0.6909344422432515, 0.20816911577743655, 0.5925294702259563, 0.4078265041471919, 0.7281520029642132, 0.18120825501176357, 0.6189239205995328, 0.4861655289091442, 0.25469419701390644, 0.5889764544206454, 0.13613511480269427, 0.6902889348893575, 0.011160975445921397, 0.497019289740434, 0.358905289348706, 0.68052748531437, 0.14792425653254035, 0.4137326901587539, 0.49033797669821144, 0.1654166330933134, 0.4083862120673986, 0.26391088879782887, 0.21006382692987285, 0.3387437809745998, 0.3408469888567374, 0.36880307798219675, 0.03728458666116966, 0.41150253300451844, 0.2276145669692095, 0.23004359090587362, 0.23081787630415665, 0.4776085785619097, 0.38660404909794044, 0.23897035971842298, 0.7139819460542517, 0.14331434409629334, 0.45582725941969143, 0.19035802213491007, 0.08872761978271371, 0.7194117478546405, 0.322772280119794, 0.673049606078055, 0.14501924493829596, 0.21017939758407603, 0.3832044515577304, 0.6086535096848176, 0.4926801679800317, 0.13300217585165533, 0.5051255397071663, 0.4339495968760982, 0.3873715874121151, 0.19562764991929127, 0.22349458640711292, 0.05911351043610772, 0.22259877352243787, 0.07802098906433846, 0.19067063573298101, 0.2281423356092393, 0.6665799997668045, 0.6575141365626398, 0.14452768181955034, 0.2377940255395736, 0.2736151899642044, 0.7171325912681847, 0.5910830387405848, 0.2790987155967943, 0.7243017448741546, 0.2444103257726716, 0.20250339288594418, 0.10663352037455352, 0.5806603004963687, 0.2888640386778285, 0.20445020448276066, 0.3145916950300702, 0.27502951200731884, 0.5794644066661868, 0.09063653871178477, 0.45783001941420487, 0.5523564518633695, 0.5542273071015777, 0.44379328966928544, 0.26887092274160257, 0.2025453044870881, 0.5485255097798113, 0.5974877847907742, 0.18632490922752068, 0.5932578067037969, 0.28526222279378877, 0.3634717061484754, 0.641492162903889, 0.21771855818551217, 0.655475349768911, 0.29363244956239276, 0.1054657975469295, 0.1779911990379053, 0.5980637110715538, 0.22761839488647725, 0.14442262962186614, 0.4892812259451999, 0.6585486403435753, 0.16642065754069288, 0.2802494043102719, 0.14220097865151315, 0.44610055988005726, 0.20682758532169065, 0.18923730809771458, 0.17848004467308184, 0.44950612358667313, 0.3927198881337438, 0.7208421092528643, 0.6320633158391902, 0.2063840996886689, 0.49214225515566934, 0.40134787410116624], [0.34301678793966417, 0.3299864428332917, 0.19235791872660488, 0.6018407099004628, 0.33761671839896895, 0.4296839492501997, 0.0, 0.40894618486947404, 0.011913735826618917, 0.47162508600956876, 0.35826820929008807, 0.051238801503928975, 0.4051991786461901, 0.22840299387599147, 0.36630899042849036, 0.6332627592704635, 0.3693212444893291, 0.5881858124488177, 0.5357749287061393, 0.05742381022732393, 0.4282368952667541, 0.6496866758945928, 0.22340037339034702, 0.5803508188229353, 0.1317740043947568, 0.6949921524485896, 0.08195917780465897, 0.2517954930967963, 0.15723789833609372, 0.2121690435042058, 0.48389270138570495, 0.31299089598249774, 0.41643030292633954, 0.08698796340190934, 0.1206780688437396, 0.5372065701843887, 0.3446550913746935, 0.5745214266787476, 0.23844981949666266, 0.2984497420239419, 0.2990443326045056, 0.4371255026950717, 0.19088204885361706, 0.2762149620645336, 0.27354152822494177, 0.1593993301706504, 0.3160164273898391, 0.27611878649259713, 0.440814155314521, 0.24941660425848777, 0.09075460976424277, 0.2995413940591924, 0.5773900569439658, 0.32293429157241355, 0.06262825472991541, 0.5084851235088296, 0.022061044233138788, 0.18972962017528794, 0.44261101470646375, 0.15792903766437108, 0.13319961587147275, 0.1284122985295986, 0.39418217207171, 0.2815402792353062, 0.6367294230718398, 0.6472348384188676, 0.26807580558046146, 0.17567236452866566, 0.21227274336590018, 0.6686533180945562, 0.28575079956122595, 0.43876345105071113, 0.22164507382922718, 0.43017177442351195, 0.4907847574361131, 0.4292602650335426, 0.13277544484016982, 0.29537635373883986, 0.5649566954860739, 0.49111708678576615, 0.14075471493297498, 0.3576829604862508, 0.06393977192013418, 0.5008038420857902, 0.16932981829670124, 0.08758944642736133, 0.056426450357492296, 0.6221299444412695, 0.44269425702933946, 0.48155347001201665, 0.2629241374474676, 0.40758708361682117, 0.24822149780390712, 0.6505848971359325, 0.4048158983530832, 0.28364245229234036, 0.5286212490272626, 0.23940548970666795, 0.6032174118045676, 0.2919429253811286, 0.21931028910372496, 0.6263633226296423, 0.40336415285103633, 0.5992398880222255, 0.2803534865357949, 0.5288894195030461, 0.19231042552335703, 0.2119133518618688, 0.289034749041168, 0.14041083971263488, 0.6339212884967119, 0.16716496885228205, 0.4013105464216969, 0.26333676493109837, 0.1399225712730694, 0.3000958929320964, 0.017400048114785537, 0.6569695357278805, 0.5663127836594082, 0.1380397971234054, 0.2096873802760753, 0.4515038675779469, 0.1674013682714231, 0.6853216506337503, 0.08985262795274067, 0.3914619184904759, 0.477948011474336, 0.2312369884322999, 0.7076522367163249, 0.3408940704559979, 0.2522671082579863, 0.17807076723175846, 0.3899492901692305, 0.5731073764049002, 0.09257653664136375, 0.22886472546695275, 0.5874580772004574, 0.39751263918789365, 0.47240507203714405, 0.07041598557137188, 0.4351278242267497, 0.2954914681192534, 0.5299776622409182, 0.28437477880713363, 0.05352195694381281, 0.409735940269922, 0.31052245792359434, 0.31694341874024456, 0.07368534301359465, 0.10346025752187397], [0.10065450691512541, 0.38405168338580564, 0.5931804361693076, 0.20169872922396015, 0.617819022562551, 0.12652907029005853, 0.40894618486947404, 0.0, 0.40148811951348556, 0.22990658812905393, 0.3099905999131463, 0.44071691042857974, 0.6055177549502933, 0.6165160066731563, 0.3367978842659236, 0.2870811648393277, 0.33713352666968965, 0.29805620983797687, 0.16383894780959904, 0.40989539556762844, 0.29122692809031636, 0.3027466927505179, 0.3071270306619296, 0.3203087602795943, 0.3212739347701818, 0.28830499799053766, 0.4515759479422777, 0.15905512147589956, 0.5483104140184124, 0.5457073555004143, 0.11024048161727117, 0.28709242356346987, 0.627825260897867, 0.48834145582220845, 0.45860674686124375, 0.33432136268681734, 0.6140756750564254, 0.33127542291441164, 0.5246580494243104, 0.30556917562084823, 0.6955771721049462, 0.058746262236488885, 0.5985320267459451, 0.39373327823087273, 0.31943720510859563, 0.5616738842923825, 0.2014723006370638, 0.6417535917629974, 0.1311537843626436, 0.4117696428878328, 0.3236443200548273, 0.6161217635961523, 0.22717590580144728, 0.30660972515219576, 0.47155070595557835, 0.09973046216864973, 0.3903807923768534, 0.22059222299898462, 0.32696871788814597, 0.36488867698051547, 0.29235968455749795, 0.38663051122047004, 0.13136063578481796, 0.31318911002639277, 0.23557959143938492, 0.25157270515820424, 0.1544569734018304, 0.40916880539788064, 0.3056416475347683, 0.3024659136807891, 0.6792817443078051, 0.2640734633381945, 0.3739762596467006, 0.3061639854448468, 0.10834724634767456, 0.6261828202708315, 0.3346697349007611, 0.6077692064985992, 0.2484374485241525, 0.10396675645534761, 0.32381492227133607, 0.5130635861527312, 0.4725233358900568, 0.25901778071128395, 0.4414965615935539, 0.4385722599995702, 0.35714625638976377, 0.2816098526208506, 0.09870840700978258, 0.17518145993575027, 0.2788023878263196, 0.04891344915178264, 0.16515935537700188, 0.31907537315734397, 0.5696946292716718, 0.5917029637583814, 0.12496108771907247, 0.2844645073913044, 0.3992008265369136, 0.6774361586481507, 0.5291065671695575, 0.40269913753347986, 0.6385228929926385, 0.3680044505780108, 0.13278518191922467, 0.21305449015656341, 0.5255594076024656, 0.22090085664144984, 0.27117482422676503, 0.3279975921949909, 0.39685247877614876, 0.535295603866261, 0.20316256546909536, 0.3661190380232413, 0.544897516689371, 0.46383604175325066, 0.41950181059536407, 0.24843824045058918, 0.1573881557332856, 0.5419918459070667, 0.5408831388542773, 0.06829737153294202, 0.5762189841687835, 0.27851321262792306, 0.3267830767178398, 0.5435742500695547, 0.3398643769739692, 0.6401190952268028, 0.30641679459341303, 0.08810711262855087, 0.19109293391662435, 0.5577346555424663, 0.10360359645866585, 0.229578843550384, 0.4468504395962652, 0.6313017491081422, 0.26571436478337024, 0.1559482873498139, 0.06347565406277593, 0.40498305121732187, 0.32248514339477624, 0.11663249704785636, 0.12115504441731047, 0.35251496922242365, 0.3618628265520035, 0.632654858696535, 0.5517137634985965, 0.11125158532538576, 0.4797530732028737, 0.41204319624526287], [0.33763336784916503, 0.3182974986129647, 0.1965946199423708, 0.5955067605531608, 0.3319578747302972, 0.42530885392822837, 0.011913735826618917, 0.40148811951348556, 0.0, 0.46965404410865697, 0.36005439168462444, 0.06313066909499596, 0.39694149353717495, 0.23051532672292638, 0.36891501298420154, 0.6294585489568444, 0.37190389294297316, 0.5859660805107018, 0.5305308799345727, 0.06669669622988582, 0.42865641109160024, 0.6459269805131964, 0.2254399052269571, 0.5789861536251801, 0.12004453843631471, 0.688135688763641, 0.09361179696370502, 0.2451516196602485, 0.15914874930648235, 0.20818599221065606, 0.47485022978781416, 0.3142594341084576, 0.40862543950574814, 0.09039931214678457, 0.13175544667361266, 0.5371409052510819, 0.33853886033891567, 0.57361052307301, 0.2317556591130059, 0.28654748431683036, 0.3028700491423527, 0.42857673796316154, 0.19733778249918604, 0.2648039728150961, 0.27623317567593353, 0.16382453708596442, 0.3140397900183348, 0.27587998376324946, 0.43645661176178663, 0.23843980023761055, 0.08101375055491421, 0.29556992949187255, 0.5731577894080196, 0.31103551501083343, 0.07054877644262418, 0.5008802189654057, 0.023653438154217353, 0.18158260269087925, 0.44391816298313375, 0.16302653759812688, 0.12265941766829441, 0.13503020299139207, 0.39013023341807995, 0.26962752612201324, 0.6303804214333653, 0.6412853711668103, 0.25900909966162655, 0.16515390961681123, 0.20038681909739522, 0.664212573007263, 0.2890294979180622, 0.4382336909705155, 0.21012911075946855, 0.4310206513016504, 0.48487952737894185, 0.4210792927576567, 0.1350412344201096, 0.2910856029289289, 0.5617484394629552, 0.48239192662600056, 0.12891582027839799, 0.34776836163867614, 0.07110948193871179, 0.49920882654960674, 0.16024662028272263, 0.09849033906254168, 0.04634894880650364, 0.6184744999727845, 0.4333778954722849, 0.47786432277488283, 0.26382748657307153, 0.40130382286840244, 0.24201644775950332, 0.6473815992398958, 0.39553183694619914, 0.27893371367266384, 0.5218829744182851, 0.24040775416958857, 0.6036875957364207, 0.29409297790163913, 0.21370018834100785, 0.6264182887732175, 0.39631612646437697, 0.5988783886901475, 0.27205759675567054, 0.5254128548910143, 0.18790690273702143, 0.20180098488907167, 0.2896996067939082, 0.1423284073177032, 0.6336261550801263, 0.16578984969142246, 0.3993345062106582, 0.2516513455772759, 0.14986496781175007, 0.2897883655520183, 0.018519010893703197, 0.649731839228893, 0.5587746198613156, 0.14820159393538532, 0.20546758438690743, 0.44293246835174105, 0.17478954455147994, 0.6784416111718453, 0.07968873208049845, 0.38175541017520215, 0.4790936554028112, 0.2387122919823282, 0.7013886305476714, 0.33494751727278305, 0.24848462031015248, 0.1784168855473889, 0.3803675046187616, 0.5690783874887934, 0.08681233940767438, 0.23365024749263033, 0.5842372394444271, 0.38706905345779297, 0.46490160082409937, 0.06054584774573941, 0.43640586422780364, 0.28736367430331927, 0.5223859594033214, 0.2725601505246828, 0.04291630872640084, 0.40228203642847793, 0.3027816906028665, 0.30799846979853573, 0.08391322501195077, 0.11220875461351427], [0.17760722466749934, 0.5789392095857894, 0.6623195237912043, 0.24422131327175314, 0.7630090183913842, 0.10337763888587077, 0.47162508600956876, 0.22990658812905393, 0.46965404410865697, 0.0, 0.17100545412905085, 0.48002998339330694, 0.7793183251994662, 0.6999758963765419, 0.19018888777808948, 0.18251388080704958, 0.1884334203663762, 0.11697587319463144, 0.15748937797078677, 0.4436504528192877, 0.09967041575320787, 0.19669352757007832, 0.26946830245746567, 0.11229288527604848, 0.4444790896438789, 0.3358184060543753, 0.4749898383338966, 0.2649730002681624, 0.628685422180365, 0.6621641889017761, 0.3238735053491401, 0.18863437822581747, 0.7992614878256051, 0.5585329767692108, 0.46107948316981856, 0.10460308152341251, 0.7634699579422025, 0.11344409838192983, 0.6607644040399433, 0.49960323377713867, 0.7691372335883699, 0.2839420437350927, 0.653347395384978, 0.5713552211754329, 0.24117230673869886, 0.6293566010062606, 0.1556296780034827, 0.7435230053932766, 0.09971975231248371, 0.5778855353081218, 0.4148571617203682, 0.7449020518021261, 0.1463540814822719, 0.5078458014747651, 0.527979266743014, 0.2557382069922944, 0.4495893395794198, 0.3323705462262407, 0.1286746815412426, 0.3511976646692458, 0.40608662475983176, 0.38551578844316053, 0.11035820794485926, 0.5012147707057099, 0.2695479781826406, 0.26136821374369174, 0.3178349006459132, 0.5489131558764531, 0.46787736216236514, 0.22996257236316028, 0.7568045929421934, 0.06393229870003816, 0.5356350015854254, 0.11394297132047827, 0.1688565952793409, 0.8022603942327479, 0.34845585747909114, 0.7381351661317401, 0.10769546389725664, 0.30860490010336283, 0.4525354876315657, 0.6940287806154212, 0.5312203617434288, 0.03320137512